842
576
-236
123
-853
-711
-7
347
740
840
-767
540
-215
-293
error
error
-575
error
error
error
92
-356
error
error
error
302
-238
-397
error
error
error
-4
131
873
766
47
-916
292
456
430
-386
-520
-95
495
115
-531
-320
21
-855
-599
908
557
-792
-194
484
-839
-821
254
-641
768
167
-468
error
error
error
-325
177
219
-398
950
-6
910
-665
-130
-556
270
951
-513
545
-285
732
-238
-361
-825
207
-200
6
error
error
error
error
error
error
-611
811
389
80
-20
-604
-213
703
error
-597
error
error
error
-857
-610
-322
-778
584
-626
305
244
-664
414
644
-729
249
-942
81
-872
-18
915
282
-274
301
-622
-530
error
error
error
-295
250
-859
-633
error
-139
-875
-874
980
-483
-63
-235
459
696
205
328
-698
460
439
-356
509
580
-95
49
-658
24
-228
-580
-242
484